              precision    recall  f1-score   support

           0     0.8466    0.8854    0.8655       349
           1     0.9118    0.9093    0.9105       375
           2     0.9138    0.9364    0.9250       283
           3     0.9190    0.9294    0.9242       354
           4     0.9541    0.9398    0.9469       332
           5     0.9593    0.9565    0.9579       345
           6     0.9042    0.9248    0.9144       306
           7     0.8712    0.9245    0.8970       278
           8     0.9303    0.9624    0.9461       319
           9     0.9012    0.9226    0.9118       336
           A     0.9688    0.8732    0.9185       142
           B     0.9500    0.8867    0.9172       150
           C     0.8276    0.8276    0.8276        87
           D     0.8256    0.9342    0.8765        76
           E     0.9174    0.9652    0.9407       115
           F     0.9318    0.9011    0.9162        91
           G     0.9524    0.9524    0.9524        84
           H     0.9438    0.9438    0.9438        89
           I     0.9412    0.9143    0.9275        70
           J     0.8690    0.8690    0.8690        84
           K     0.9327    0.8435    0.8858       115
           L     0.9608    0.9159    0.9378       107
           M     0.9146    0.8333    0.8721        90
           N     0.9569    0.9569    0.9569       116
           O     0.7976    0.5929    0.6802       113
           P     0.9832    0.9141    0.9474       128
           Q     1.0000    0.8824    0.9375        34
           R     0.8828    0.9417    0.9113       120
           S     0.9574    0.9375    0.9474        96
           T     0.9174    0.9328    0.9250       119
           U     0.9583    0.8364    0.8932        55
           V     0.9138    0.8983    0.9060        59
           W     0.7123    0.9286    0.8062        56
           X     0.9545    0.9545    0.9545        44
           Y     0.8718    0.9067    0.8889        75
           Z     0.9524    0.9091    0.9302        88

    accuracy                         0.9132      5680
   macro avg     0.9140    0.9040    0.9075      5680
weighted avg     0.9143    0.9132    0.9129      5680
