              precision    recall  f1-score   support

           0     0.8636    0.8166    0.8395       349
           1     0.9443    0.9040    0.9237       375
           2     0.9446    0.9647    0.9545       283
           3     0.9258    0.9520    0.9387       354
           4     0.9574    0.9488    0.9531       332
           5     0.9624    0.9652    0.9638       345
           6     0.9191    0.9281    0.9236       306
           7     0.9143    0.9209    0.9176       278
           8     0.9043    0.9781    0.9398       319
           9     0.9347    0.9375    0.9361       336
           A     0.9627    0.9085    0.9348       142
           B     0.9592    0.9400    0.9495       150
           C     0.9186    0.9080    0.9133        87
           D     0.9200    0.9079    0.9139        76
           E     0.9821    0.9565    0.9692       115
           F     0.9457    0.9560    0.9508        91
           G     0.9647    0.9762    0.9704        84
           H     0.8913    0.9213    0.9061        89
           I     0.8800    0.9429    0.9103        70
           J     0.9157    0.9048    0.9102        84
           K     0.9364    0.8957    0.9156       115
           L     0.9608    0.9159    0.9378       107
           M     0.7778    0.8556    0.8148        90
           N     0.9478    0.9397    0.9437       116
           O     0.6750    0.7168    0.6953       113
           P     0.9756    0.9375    0.9562       128
           Q     0.9688    0.9118    0.9394        34
           R     0.9421    0.9500    0.9461       120
           S     0.9474    0.9375    0.9424        96
           T     0.9250    0.9328    0.9289       119
           U     0.8333    0.8182    0.8257        55
           V     0.8966    0.8814    0.8889        59
           W     0.9245    0.8750    0.8991        56
           X     0.9149    0.9773    0.9451        44
           Y     0.9211    0.9333    0.9272        75
           Z     0.9651    0.9432    0.9540        88

    accuracy                         0.9236      5680
   macro avg     0.9201    0.9183    0.9189      5680
weighted avg     0.9243    0.9236    0.9236      5680
