              precision    recall  f1-score   support

           0     0.8555    0.8481    0.8518       349
           1     0.8596    0.9147    0.8863       375
           2     0.8973    0.9258    0.9113       283
           3     0.8889    0.9266    0.9073       354
           4     0.9077    0.9187    0.9132       332
           5     0.9581    0.9275    0.9426       345
           6     0.9085    0.9085    0.9085       306
           7     0.8938    0.8777    0.8857       278
           8     0.8810    0.9279    0.9038       319
           9     0.9313    0.8869    0.9085       336
           A     0.9058    0.8803    0.8929       142
           B     0.9103    0.8800    0.8949       150
           C     0.9221    0.8161    0.8659        87
           D     0.9178    0.8816    0.8993        76
           E     0.8450    0.9478    0.8934       115
           F     0.9419    0.8901    0.9153        91
           G     0.9405    0.9405    0.9405        84
           H     0.8723    0.9213    0.8962        89
           I     0.8289    0.9000    0.8630        70
           J     0.8780    0.8571    0.8675        84
           K     0.9259    0.8696    0.8969       115
           L     0.9485    0.8598    0.9020       107
           M     0.7684    0.8111    0.7892        90
           N     0.9060    0.9138    0.9099       116
           O     0.7333    0.6814    0.7064       113
           P     0.9746    0.8984    0.9350       128
           Q     1.0000    0.9118    0.9538        34
           R     0.9180    0.9333    0.9256       120
           S     0.9355    0.9062    0.9206        96
           T     0.8672    0.9328    0.8988       119
           U     0.8776    0.7818    0.8269        55
           V     0.8030    0.8983    0.8480        59
           W     0.8276    0.8571    0.8421        56
           X     1.0000    0.9545    0.9767        44
           Y     0.8800    0.8800    0.8800        75
           Z     0.9259    0.8523    0.8876        88

    accuracy                         0.8947      5680
   macro avg     0.8954    0.8867    0.8902      5680
weighted avg     0.8959    0.8947    0.8947      5680
